1 0.12 0.324961536185
2 0.31 0.462493243194
3 0.44 0.588557558782
4 0.63 0.673127031102
5 0.81 0.68840395118
6 1.02 0.799749960925
7 1.21 0.875157128749
8 1.4 0.916515138991
9 1.66 1.04134528376
10 1.86 1.17490425142
11 2.16 1.23060960503
12 2.35 1.32947358003
13 2.58 1.49117403411
14 2.8 1.56204993518
15 3.02 1.58732479348
16 3.23 1.61774534461
17 3.48 1.67020956769
18 3.63 1.70091152033
19 3.89 1.76575762776
20 4.07 1.81799339933
21 4.34 1.91426225998
22 4.51 1.97228294116
23 4.7 2.02731349327
24 4.93 2.0603640455
25 5.09 2.01044771133
26 5.38 2.08700742692
27 5.53 2.09978570335
28 5.71 2.16006944333
29 5.95 2.20624114729
30 6.12 2.21485891199
31 6.3 2.23830292856
32 6.5 2.28691932521
33 6.66 2.33760561259
34 6.85 2.36801604724
35 7.04 2.37453153274
36 7.23 2.37004219372
37 7.39 2.40372627393
38 7.67 2.46193013711
39 7.94 2.4487547856
40 8.12 2.51507455158
41 8.33 2.51815408583
42 8.45 2.55098020376
43 8.62 2.50910342553
44 8.8 2.54165300543
45 9.04 2.59198765429
46 9.2 2.61916017074
47 9.41 2.59266272392
48 9.59 2.60036535894
49 9.79 2.64308531834
50 9.93 2.62775569641
51 10.22 2.67424755773
52 10.45 2.74362898366
53 10.65 2.74362898366
54 10.8 2.79284800875
55 11.07 2.90260228071
56 11.29 2.95057621491
57 11.5 3.05122926048
58 11.74 3.12288328312
59 11.96 3.17779797973
60 12.13 3.24239109301
61 12.42 3.24092579366
62 12.71 3.27198716379
63 12.89 3.25236836782
64 13.11 3.31329141489
65 13.26 3.34550444627
66 13.47 3.39545284167
67 13.64 3.4886100384
68 13.8 3.56370593624
69 13.98 3.55803316454
70 14.13 3.56273771137
71 14.33 3.57506643295
72 14.45 3.59826347006
73 14.65 3.65615918691
74 14.79 3.62848453214
75 15.0 3.61939221417
76 15.21 3.67503741478
77 15.38 3.71154954163
78 15.56 3.72912858454
79 15.81 3.71132051971
80 15.97 3.72680828592
81 16.13 3.73002680956
82 16.41 3.70970349219
83 16.64 3.80399789695
84 16.8 3.78417758568
85 17.0 3.83666521865
86 17.26 3.84608892253
87 17.49 3.85096091904
88 17.64 3.8562157616
89 17.88 3.93263270596
90 18.11 3.96458068401
91 18.29 4.01072312682
92 18.43 4.01062339294
93 18.67 4.04488565969
94 18.9 4.06078810085
95 19.13 4.04142301671
96 19.34 4.05516954023
97 19.52 4.09995121922
98 19.67 4.13776509725
99 19.85 4.18897362131
100 20.05 4.2458803563
101 20.3 4.25793377121
102 20.54 4.32300821188
103 20.76 4.36834064606
104 20.95 4.40766378028
105 21.13 4.43318170167
106 21.33 4.48565491316
107 21.51 4.47100659807
108 21.7 4.46206230346
109 21.94 4.4470664488
110 22.18 4.44607692241
111 22.37 4.47360033977
112 22.61 4.52966886207
113 22.77 4.56476724489
114 22.94 4.50515260563
115 23.13 4.49812183028
116 23.31 4.51596058442
117 23.49 4.49776611219
118 23.73 4.61271069979
119 23.95 4.64192847855
120 24.18 4.63115536341
121 24.44 4.61371867369
122 24.62 4.67071728967
123 24.88 4.64603056383
124 25.09 4.69913821887
125 25.3 4.71274866718
126 25.47 4.77169781105
127 25.71 4.78809983187
128 25.95 4.8360624479
129 26.17 4.78968683736
130 26.36 4.86933260314
131 26.51 4.93253484529
132 26.73 4.94743367818
133 26.97 4.95873975925
134 27.17 4.93974695708
135 27.46 5.00683532783
136 27.62 5.00755429327
137 27.74 5.09827421781
138 27.94 5.09866649233
139 28.15 5.08010826656
140 28.35 5.0524746412
141 28.51 5.11565245106
142 28.72 5.18281776643
143 28.93 5.25786078172
144 29.19 5.28714478712
145 29.41 5.34620426097
146 29.64 5.31699163061
147 29.81 5.29281588571
148 29.99 5.30187702611
149 30.19 5.37344396081
150 30.37 5.41046208747
151 30.58 5.4132799669
152 30.78 5.38252728744
153 30.94 5.44393240223
154 31.14 5.46446703714
155 31.39 5.45324673933
156 31.6 5.42033209315
157 31.82 5.35234528034
158 32.03 5.32250880694
159 32.26 5.21655058444
160 32.49 5.2430811552
161 32.71 5.307155547
162 32.89 5.31205233408
163 33.17 5.35734075825
164 33.43 5.33526944024
165 33.63 5.36964617084
166 33.83 5.31235352739
167 33.99 5.346952403
168 34.24 5.37609523725
169 34.42 5.46292961697
170 34.62 5.44202168316
171 34.84 5.48036495135
172 35.03 5.4980996717
173 35.25 5.53421177766
174 35.47 5.60616624798
175 35.74 5.62782373569
176 35.93 5.65553710977
177 36.11 5.61051691023
178 36.3 5.59195851201
179 36.46 5.67524448813
180 36.66 5.6182203588
181 36.86 5.61073970168
182 37.06 5.581791827
183 37.26 5.52380303776
184 37.39 5.52792004284
185 37.56 5.49785412684
186 37.73 5.49336872966
187 37.87 5.47111506002
188 38.1 5.51815186453
189 38.35 5.58636733486
190 38.55 5.60959000284
191 38.8 5.64269439187
192 38.97 5.6629585907
193 39.2 5.71139212452
194 39.39 5.7059530317
195 39.57 5.69430417171
196 39.73 5.68305375656
197 40.0 5.75325994546
198 40.24 5.74303055886
199 40.44 5.69968420178
200 40.6 5.70613704707
201 40.86 5.74459746196
202 41.07 5.7484867574
203 41.26 5.80796005496
204 41.47 5.83001715263
205 41.68 5.82216454594
206 41.84 5.85614207478
207 42.01 5.86599522673
208 42.23 5.87682737538
209 42.45 5.90825693416
210 42.66 5.90291453436
211 42.85 5.93696050181
212 43.06 6.00636329238
213 43.26 6.10183578933
214 43.49 6.07864294066
215 43.7 6.11637147335
216 43.95 6.13412585459
217 44.19 6.14116438471
218 44.34 6.14039086704
219 44.48 6.11470359053
220 44.72 6.12875191209
221 44.99 6.12616519529
222 45.23 6.24636694407
223 45.43 6.35492722224
224 45.6 6.35452594613
225 45.79 6.36913651918
226 46.01 6.4505736179
227 46.27 6.4231689998
228 46.55 6.49826900028
229 46.78 6.53694118071
230 46.99 6.53681114918
231 47.22 6.58115491384
232 47.43 6.5715371109
233 47.63 6.54470014592
234 47.85 6.57780358478
235 48.07 6.57457983448
236 48.27 6.55721739765
237 48.47 6.6158219444
238 48.64 6.6835918487
239 48.84 6.63131962734
240 49.07 6.67870496429
241 49.31 6.6943184866
242 49.47 6.65650809359
243 49.67 6.61975075059
244 49.85 6.63682906214
245 50.05 6.67439135802
246 50.18 6.69534166417
247 50.38 6.74207683136
248 50.55 6.78140840829
249 50.67 6.83528346157
250 50.99 6.78305978154
251 51.19 6.75972632582
252 51.38 6.80996328918
253 51.55 6.79172290365
254 51.72 6.78392216936
255 51.99 6.75202932458
256 52.21 6.77538928771
257 52.38 6.76872218369
258 52.53 6.74456077147
259 52.71 6.75321404962
260 52.88 6.7368835525
261 53.11 6.6841529007
262 53.33 6.73506495886
263 53.51 6.78453388229
264 53.7 6.74610999021
265 53.97 6.70440899707
266 54.17 6.68139955399
267 54.37 6.74337452616
268 54.6 6.82202316032
269 54.85 6.77845852683
270 55.03 6.75493153185
271 55.15 6.76073220887
272 55.38 6.8246318582
273 55.51 6.85637659409
274 55.65 6.93018758765
275 55.92 6.93783828004
276 56.15 6.84452335813
277 56.33 6.87030567006
278 56.51 6.82714435178
279 56.66 6.84721841334
280 56.88 6.82389917862
281 57.01 6.7889542641
282 57.27 6.81887820686
283 57.45 6.86640371665
284 57.61 6.88170763692
285 57.8 6.89782574439
286 57.96 6.90350635547
287 58.23 6.89181398472
288 58.5 6.97065276714
289 58.73 6.98262844493
290 58.93 6.95881455422
291 59.05 6.92007947931
292 59.25 6.99052930757
293 59.5 6.989277502
294 59.66 7.04445881527
295 59.85 6.99052930757
296 60.03 7.00636139519
297 60.22 7.00368474448
298 60.42 6.98738863954
299 60.57 7.02745330828
300 60.77 7.01834025963
301 60.92 7.06778607486
302 61.11 7.05534549119
303 61.36 7.09721071971
304 61.57 7.10106330066
305 61.79 7.07572611115
306 61.99 7.11827928646
307 62.17 7.15269879137
308 62.38 7.17186168299
309 62.57 7.07142842713
310 62.71 7.07289898132
311 62.89 7.08363607196
312 63.06 7.09481500816
313 63.32 7.15385210918
314 63.53 7.22558648139
315 63.82 7.24207152685
316 64.05 7.28337147206
317 64.25 7.32717544488
318 64.51 7.30820771462
319 64.72 7.30627127884
320 65.0 7.33075712324
321 65.2 7.3566296631
322 65.43 7.31881821061
323 65.68 7.2744484327
324 65.91 7.22370403602
325 66.12 7.26674617694
326 66.33 7.2139517603
327 66.53 7.26010330505
328 66.81 7.3016368028
329 67.04 7.34563816152
330 67.21 7.33933920731
331 67.4 7.31436941916
332 67.66 7.30783141568
333 67.89 7.34288090602
334 68.05 7.39780372813
335 68.29 7.44754321908
336 68.49 7.45452211748
337 68.64 7.47331251856
338 68.85 7.45704365013
339 69.12 7.43946234616
340 69.21 7.4622985735
341 69.43 7.41114700974
342 69.62 7.3929425806
343 69.86 7.40272922644
344 70.06 7.48173776605
345 70.2 7.54453444554
346 70.39 7.48451067205
347 70.58 7.49823979344
348 70.78 7.50943406656
349 71.07 7.59111981199
350 71.26 7.57973614316
351 71.49 7.63216221002
352 71.65 7.65555353975
353 71.92 7.63109428588
354 72.06 7.64175372542
355 72.35 7.68033202407
356 72.62 7.72758694548
357 72.78 7.67017600841
358 72.96 7.66148810611
359 73.13 7.68199843791
360 73.31 7.70544612596
361 73.44 7.67765589226
362 73.67 7.80135244685
363 73.87 7.83282196912
364 74.05 7.88590514779
365 74.23 7.90298045044
366 74.44 7.94772923545
367 74.63 8.0070656298
368 74.78 8.02568377149
369 74.96 8.04726040339
370 75.11 8.04722933686
371 75.3 8.02059848141
372 75.46 8.03917906257
373 75.64 8.11112815828
374 75.82 8.06644903288
375 75.97 8.09129779454
376 76.15 8.06892186107
377 76.28 8.0883620097
378 76.51 8.12341676882
379 76.75 8.19557807601
380 76.97 8.22612302364
381 77.21 8.23078975555
382 77.47 8.20177419831
383 77.6 8.20121942153
384 77.81 8.27006045927
385 78.03 8.28185365724
386 78.22 8.24812706013
387 78.47 8.26493194164
388 78.64 8.28434668516
389 78.88 8.28647090142
390 79.15 8.35029939583
391 79.38 8.39854749347
392 79.63 8.36738310346
393 79.78 8.34455511097
394 79.98 8.31622510518
395 80.17 8.37980310031
396 80.41 8.39534990337
397 80.66 8.45957445738
398 80.91 8.49834689807
399 81.08 8.53308853816
400 81.35 8.53390297578
