1 5697.58000183	89.8299964666	77.0         91961.0    0.0637706201357
2 5838.7299968	174.429992676	168.0        125264.0   0.0493450631425
3 6257.98999864	270.589988381	178.5        146754.0   0.0457028768348
4 4482.92999393	357.56998381	287.0        207982.0   0.0246535756832
5 7803.6899966	454.339978814	360.5        260134.0   0.0331311169452
6 7400.14999211	605.7099711	392.0        316015.0   0.026574244777
7 31340.2399726	1538.45992467	987.0        502822.0   0.067351269231
8 10670.1699936	1870.60990813	1141.0       594285.0   0.0230222534672
9 12005.2899908	2148.15989432	1309.0       669449.0   0.0230972783365
10 10471.5199944 2248.25988933	1466.5       791842.0   0.0179155436106
11 17778.2299937 2868.27985829	1662.5       986068.0   0.0226242103506
12 36112.4199706 3851.07980937	2369.5       1225058.0  0.034555914724 
13 32631.7699777 4363.11978352	2117.5       1449915.0  0.0269756432351
14 32752.4399971 4726.22976491	2716.0       1591436.0  0.0252568559226
15 4841.26999855 737.099963307	283.5        390558.0   0.0150089614394

