1 0
2 1
3 1
4 2
5 3
6 4
7 5
8 5
9 6
10 6
11 7
12 7
13 8
14 9
15 9
16 10
17 11
18 12
19 12
20 13
21 13
22 14
23 15
24 15
25 15
26 15
27 15
28 16
29 16
30 17
31 18
32 19
33 20
34 20
35 21
36 22
37 23
38 23
39 24
40 24
41 25
42 26
43 27
44 27
45 28
46 28
47 29
48 30
49 31
50 32
51 32
52 33
53 33
54 34
55 35
56 36
57 37
58 38
59 38
60 39
61 40
62 40
63 41
64 42
65 43
66 44
67 45
68 46
69 47
70 48
71 49
72 50
73 51
74 52
75 52
76 52
77 53
78 54
79 55
80 55
81 56
82 56
83 57
84 57
85 58
86 58
87 59
88 59
89 59
90 60
91 61
92 62
93 62
94 62
95 62
96 62
97 62
98 63
99 63
100 63
101 64
102 65
